    2   12.00
    2   13.00
    2   14.00
    2   13.00
    2   13.00
    2   14.00
    2   14.00
    2   12.00
    2   12.00
    2   15.00
    2   12.00
    2   14.00
    2   13.00
    2    9.00
    2   15.00
    2   14.00
    2   14.00
    2   15.00
    2   15.00
    2   12.00
    2   14.00
    2   14.00
    2   11.00
    2   15.00
    2   13.00
    3    2.00
    3    3.00
    3    1.00
    3    0.00
    3    1.00
    3    4.00
    3    1.00
    3    0.00
    3    5.00
    3    4.00
    3    1.00
    3    2.00
    3    1.00
    3    2.00
    3    5.00
    3    0.00
    3    2.00
    3    2.00
    3    4.00
    3    2.00
    3    0.00
    3    3.00
    3    0.00
    3    2.00
    3    0.00
    1    2.00
    1    3.00
    1    0.00
    1    3.00
    1    3.00
    1    6.00
    1    4.00
    1    2.00
    1    3.00
    1    3.00
    1    7.00
    1    2.00
    1    4.00
    1    3.00
    1    3.00
    1    2.00
    1    4.00
    1    1.00
    1    4.00
    4    5.00
    4    1.00
    4    6.00
    4    4.00
    4    4.00
    4    4.00
    4    4.00
    4    5.00
    4    5.00
    4    5.00
    4    6.00
    4    4.00
    4    9.00
    4    3.00
    4    1.00
    4    2.00
    4    4.00
    4    5.00
    4    6.00
    4    5.00
    4    5.00
    4    8.00
    4    3.00
    4    6.00
    4    4.00